Hello world	Bonjour le monde
How are you?	Comment ça va ?
Good morning	Bonjour
